reference/gradient_landscape.asc
ncols         150
nrows         150
xllcorner     0
yllcorner     0
cellsize      1
NODATA_value  -9999
[rows 26 to 51 of 150, columns 60 to 119 of 150]
0.6571066 0.6521537 0.6472009 0.642248 0.6372952 0.6323423 0.6273895 0.6224366 0.6174838 0.6125309 0.6075781 0.6026253 0.5976724 0.5927196 0.5877667 0.5828139 0.577861 0.5729082 0.5679553 0.5630025 0.5580496 0.5530968 0.5481439 0.5431911 0.5382382 0.5332854 0.5283326 0.5233797 0.5184269 0.513474 0.5085212 0.5035683 0.4986155 0.4936626 0.4887098 0.4837569 0.4788041 0.4738512 0.4688984 0.4639455 0.4589927 0.4540399 0.449087 0.4441342 0.4391813 0.4342285 0.4292756 0.4243228 0.4193699 0.4144171 0.4094642 0.4045114 0.3995585 0.3946057 0.3896528 0.3847 0.3797472 0.3747943 0.3698415 0.3648886
0.655348 0.6503952 0.6454423 0.6404895 0.6355366 0.6305838 0.6256309 0.6206781 0.6157252 0.6107724 0.6058195 0.6008667 0.5959138 0.590961 0.5860082 0.5810553 0.5761025 0.5711496 0.5661968 0.5612439 0.5562911 0.5513382 0.5463854 0.5414325 0.5364797 0.5315268 0.526574 0.5216211 0.5166683 0.5117155 0.5067626 0.5018098 0.4968569 0.4919041 0.4869512 0.4819984 0.4770455 0.4720927 0.4671398 0.462187 0.4572341 0.4522813 0.4473284 0.4423756 0.4374228 0.4324699 0.4275171 0.4225642 0.4176114 0.4126585 0.4077057 0.4027528 0.3978 0.3928471 0.3878943 0.3829414 0.3779886 0.3730357 0.3680829 0.3631301
0.6535894 0.6486366 0.6436837 0.6387309 0.6337781 0.6288252 0.6238724 0.6189195 0.6139667 0.6090138 0.604061 0.5991081 0.5941553 0.5892024 0.5842496 0.5792967 0.5743439 0.569391 0.5644382 0.5594854 0.5545325 0.5495797 0.5446268 0.539674 0.5347211 0.5297683 0.5248154 0.5198626 0.5149097 0.5099569 0.505004 0.5000512 0.4950983 0.4901455 0.4851927 0.4802398 0.475287 0.4703341 0.4653813 0.4604284 0.4554756 0.4505227 0.4455699 0.440617 0.4356642 0.4307113 0.4257585 0.4208056 0.4158528 0.4109 0.4059471 0.4009943 0.3960414 0.3910886 0.3861357 0.3811829 0.37623 0.3712772 0.3663243 0.3613715
0.6518309 0.646878 0.6419252 0.6369723 0.6320195 0.6270666 0.6221138 0.617161 0.6122081 0.6072553 0.6023024 0.5973496 0.5923967 0.5874439 0.582491 0.5775382 0.5725853 0.5676325 0.5626796 0.5577268 0.5527739 0.5478211 0.5428683 0.5379154 0.5329626 0.5280097 0.5230569 0.518104 0.5131512 0.5081983 0.5032455 0.4982926 0.4933398 0.4883869 0.4834341 0.4784812 0.4735284 0.4685756 0.4636227 0.4586699 0.453717 0.4487642 0.4438113 0.4388585 0.4339056 0.4289528 0.4239999 0.4190471 0.4140942 0.4091414 0.4041885 0.3992357 0.3942829 0.38933 0.3843772 0.3794243 0.3744715 0.3695186 0.3645658 0.3596129
0.6500723 0.6451195 0.6401666 0.6352138 0.6302609 0.6253081 0.6203552 0.6154024 0.6104495 0.6054967 0.6005439 0.595591 0.5906382 0.5856853 0.5807325 0.5757796 0.5708268 0.5658739 0.5609211 0.5559682 0.5510154 0.5460625 0.5411097 0.5361568 0.531204 0.5262512 0.5212983 0.5163455 0.5113926 0.5064398 0.5014869 0.4965341 0.4915812 0.4866284 0.4816755 0.4767227 0.4717698 0.466817 0.4618641 0.4569113 0.4519585 0.4470056 0.4420528 0.4370999 0.4321471 0.4271942 0.4222414 0.4172885 0.4123357 0.4073828 0.40243 0.3974771 0.3925243 0.3875714 0.3826186 0.3776658 0.3727129 0.3677601 0.3628072 0.3578544
0.6483138 0.6433609 0.6384081 0.6334552 0.6285024 0.6235495 0.6185967 0.6136438 0.608691 0.6037381 0.5987853 0.5938324 0.5888796 0.5839267 0.5789739 0.5740211 0.5690682 0.5641154 0.5591625 0.5542097 0.5492568 0.544304 0.5393511 0.5343983 0.5294454 0.5244926 0.5195397 0.5145869 0.509634 0.5046812 0.4997284 0.4947755 0.4898227 0.4848698 0.479917 0.4749641 0.4700113 0.4650584 0.4601056 0.4551527 0.4501999 0.445247 0.4402942 0.4353413 0.4303885 0.4254357 0.4204828 0.41553 0.4105771 0.4056243 0.4006714 0.3957186 0.3907657 0.3858129 0.38086 0.3759072 0.3709543 0.3660015 0.3610486 0.3560958
0.6465552 0.6416023 0.6366495 0.6316967 0.6267438 0.621791 0.6168381 0.6118853 0.6069324 0.6019796 0.5970267 0.5920739 0.587121 0.5821682 0.5772153 0.5722625 0.5673096 0.5623568 0.557404 0.5524511 0.5474983 0.5425454 0.5375926 0.5326397 0.5276869 0.522734 0.5177812 0.5128283 0.5078755 0.5029226 0.4979698 0.4930169 0.4880641 0.4831113 0.4781584 0.4732056 0.4682527 0.4632999 0.458347 0.4533942 0.4484413 0.4434885 0.4385356 0.4335828 0.4286299 0.4236771 0.4187242 0.4137714 0.4088186 0.4038657 0.3989129 0.39396 0.3890072 0.3840543 0.3791015 0.3741486 0.3691958 0.3642429 0.3592901 0.3543372
0.6447966 0.6398438 0.6348909 0.6299381 0.6249852 0.6200324 0.6150795 0.6101267 0.6051739 0.600221 0.5952682 0.5903153 0.5853625 0.5804096 0.5754568 0.5705039 0.5655511 0.5605982 0.5556454 0.5506925 0.5457397 0.5407868 0.535834 0.5308812 0.5259283 0.5209755 0.5160226 0.5110698 0.5061169 0.5011641 0.4962112 0.4912584 0.4863055 0.4813527 0.4763998 0.471447 0.4664941 0.4615413 0.4565885 0.4516356 0.4466828 0.4417299 0.4367771 0.4318242 0.4268714 0.4219185 0.4169657 0.4120128 0.40706 0.4021071 0.3971543 0.3922014 0.3872486 0.3822958 0.3773429 0.3723901 0.3674372 0.3624844 0.3575315 0.3525787
0.6430381 0.6380852 0.6331324 0.6281795 0.6232267 0.6182738 0.613321 0.6083681 0.6034153 0.5984624 0.5935096 0.5885568 0.5836039 0.5786511 0.5736982 0.5687454 0.5637925 0.5588397 0.5538868 0.548934 0.5439811 0.5390283 0.5340754 0.5291226 0.5241697 0.5192169 0.5142641 0.5093112 0.5043584 0.4994055 0.4944527 0.4894998 0.484547 0.4795941 0.4746413 0.4696884 0.4647356 0.4597827 0.4548299 0.449877 0.4449242 0.4399714 0.4350185 0.4300657 0.4251128 0.42016 0.4152071 0.4102543 0.4053014 0.4003486 0.3953957 0.3904429 0.38549 0.3805372 0.3755843 0.3706315 0.3656787 0.3607258 0.355773 0.3508201
0.6412795 0.6363267 0.6313738 0.626421 0.6214681 0.6165153 0.6115624 0.6066096 0.6016567 0.5967039 0.591751 0.5867982 0.5818453 0.5768925 0.5719397 0.5669868 0.562034 0.5570811 0.5521283 0.5471754 0.5422226 0.5372697 0.5323169 0.527364 0.5224112 0.5174583 0.5125055 0.5075526 0.5025998 0.497647 0.4926941 0.4877413 0.4827884 0.4778356 0.4728827 0.4679299 0.462977 0.4580242 0.4530713 0.4481185 0.4431656 0.4382128 0.4332599 0.4283071 0.4233543 0.4184014 0.4134486 0.4084957 0.4035429 0.39859 0.3936372 0.3886843 0.3837315 0.3787786 0.3738258 0.3688729 0.3639201 0.3589672 0.3540144 0.3490616
0.6395209 0.6345681 0.6296152 0.6246624 0.6197096 0.6147567 0.6098039 0.604851 0.5998982 0.5949453 0.5899925 0.5850396 0.5800868 0.5751339 0.5701811 0.5652282 0.5602754 0.5553225 0.5503697 0.5454169 0.540464 0.5355112 0.5305583 0.5256055 0.5206526 0.5156998 0.5107469 0.5057941 0.5008412 0.4958884 0.4909355 0.4859827 0.4810298 0.476077 0.4711242 0.4661713 0.4612185 0.4562656 0.4513128 0.4463599 0.4414071 0.4364542 0.4315014 0.4265485 0.4215957 0.4166428 0.41169 0.4067371 0.4017843 0.3968315 0.3918786 0.3869258 0.3819729 0.3770201 0.3720672 0.3671144 0.3621615 0.3572087 0.3522558 0.347303
0.6377624 0.6328095 0.6278567 0.6229038 0.617951 0.6129981 0.6080453 0.6030925 0.5981396 0.5931868 0.5882339 0.5832811 0.5783282 0.5733754 0.5684225 0.5634697 0.5585168 0.553564 0.5486111 0.5436583 0.5387054 0.5337526 0.5287998 0.5238469 0.5188941 0.5139412 0.5089884 0.5040355 0.4990827 0.4941298 0.489177 0.4842241 0.4792713 0.4743184 0.4693656 0.4644127 0.4594599 0.4545071 0.4495542 0.4446014 0.4396485 0.4346957 0.4297428 0.42479 0.4198371 0.4148843 0.4099314 0.4049786 0.4000257 0.3950729 0.39012 0.3851672 0.3802144 0.3752615 0.3703087 0.3653558 0.360403 0.3554501 0.3504973 0.3455444
0.6360038 0.631051 0.6260981 0.6211453 0.6161924 0.6112396 0.6062867 0.6013339 0.596381 0.5914282 0.5864753 0.5815225 0.5765697 0.5716168 0.566664 0.5617111 0.5567583 0.5518054 0.5468526 0.5418997 0.5369469 0.531994 0.5270412 0.5220883 0.5171355 0.5121826 0.5072298 0.502277 0.4973241 0.4923713 0.4874184 0.4824656 0.4775127 0.4725599 0.467607 0.4626542 0.4577013 0.4527485 0.4477956 0.4428428 0.4378899 0.4329371 0.4279843 0.4230314 0.4180786 0.4131257 0.4081729 0.40322 0.3982672 0.3933143 0.3883615 0.3834086 0.3784558 0.3735029 0.3685501 0.3635972 0.3586444 0.3536916 0.3487387 0.3437859
0.6342453 0.6292924 0.6243396 0.6193867 0.6144339 0.609481 0.6045282 0.5995753 0.5946225 0.5896696 0.5847168 0.5797639 0.5748111 0.5698582 0.5649054 0.5599526 0.5549997 0.5500469 0.545094 0.5401412 0.5351883 0.5302355 0.5252826 0.5203298 0.5153769 0.5104241 0.5054712 0.5005184 0.4955655 0.4906127 0.4856599 0.480707 0.4757542 0.4708013 0.4658485 0.4608956 0.4559428 0.4509899 0.4460371 0.4410842 0.4361314 0.4311785 0.4262257 0.4212728 0.41632 0.4113672 0.4064143 0.4014615 0.3965086 0.3915558 0.3866029 0.3816501 0.3766972 0.3717444 0.3667915 0.3618387 0.3568858 0.351933 0.3469801 0.3420273
0.6324867 0.6275338 0.622581 0.6176282 0.6126753 0.6077225 0.6027696 0.5978168 0.5928639 0.5879111 0.5829582 0.5780054 0.5730525 0.5680997 0.5631468 0.558194 0.5532411 0.5482883 0.5433355 0.5383826 0.5334298 0.5284769 0.5235241 0.5185712 0.5136184 0.5086655 0.5037127 0.4987598 0.493807 0.4888541 0.4839013 0.4789484 0.4739956 0.4690428 0.4640899 0.4591371 0.4541842 0.4492314 0.4442785 0.4393257 0.4343728 0.42942 0.4244671 0.4195143 0.4145614 0.4096086 0.4046557 0.3997029 0.39475 0.3897972 0.3848444 0.3798915 0.3749387 0.3699858 0.365033 0.3600801 0.3551273 0.3501744 0.3452216 0.3402687
0.6307281 0.6257753 0.6208224 0.6158696 0.6109167 0.6059639 0.601011 0.5960582 0.5911054 0.5861525 0.5811997 0.5762468 0.571294 0.5663411 0.5613883 0.5564354 0.5514826 0.5465297 0.5415769 0.536624 0.5316712 0.5267183 0.5217655 0.5168127 0.5118598 0.506907 0.5019541 0.4970013 0.4920484 0.4870956 0.4821427 0.4771899 0.472237 0.4672842 0.4623313 0.4573785 0.4524256 0.4474728 0.44252 0.4375671 0.4326143 0.4276614 0.4227086 0.4177557 0.4128029 0.40785 0.4028972 0.3979443 0.3929915 0.3880386 0.3830858 0.3781329 0.3731801 0.3682273 0.3632744 0.3583216 0.3533687 0.3484159 0.343463 0.3385102
0.6289696 0.6240167 0.6190639 0.614111 0.6091582 0.6042053 0.5992525 0.5942996 0.5893468 0.5843939 0.5794411 0.5744883 0.5695354 0.5645826 0.5596297 0.5546769 0.549724 0.5447712 0.5398183 0.5348655 0.5299126 0.5249598 0.5200069 0.5150541 0.5101012 0.5051484 0.5001956 0.4952427 0.4902899 0.485337 0.4803842 0.4754313 0.4704785 0.4655256 0.4605728 0.4556199 0.4506671 0.4457142 0.4407614 0.4358085 0.4308557 0.4259029 0.42095 0.4159972 0.4110443 0.4060915 0.4011386 0.3961858 0.3912329 0.3862801 0.3813272 0.3763744 0.3714215 0.3664687 0.3615158 0.356563 0.3516102 0.3466573 0.3417045 0.3367516
0.627211 0.6222582 0.6173053 0.6123525 0.6073996 0.6024468 0.5974939 0.5925411 0.5875882 0.5826354 0.5776825 0.5727297 0.5677768 0.562824 0.5578711 0.5529183 0.5479655 0.5430126 0.5380598 0.5331069 0.5281541 0.5232012 0.5182484 0.5132955 0.5083427 0.5033898 0.498437 0.4934841 0.4885313 0.4835784 0.4786256 0.4736728 0.4687199 0.4637671 0.4588142 0.4538614 0.4489085 0.4439557 0.4390028 0.43405 0.4290971 0.4241443 0.4191914 0.4142386 0.4092857 0.4043329 0.3993801 0.3944272 0.3894744 0.3845215 0.3795687 0.3746158 0.369663 0.3647101 0.3597573 0.3548044 0.3498516 0.3448987 0.3399459 0.334993
0.6254524 0.6204996 0.6155467 0.6105939 0.6056411 0.6006882 0.5957354 0.5907825 0.5858297 0.5808768 0.575924 0.5709711 0.5660183 0.5610654 0.5561126 0.5511597 0.5462069 0.541254 0.5363012 0.5313484 0.5263955 0.5214427 0.5164898 0.511537 0.5065841 0.5016313 0.4966784 0.4917256 0.4867727 0.4818199 0.476867 0.4719142 0.4669613 0.4620085 0.4570557 0.4521028 0.44715 0.4421971 0.4372443 0.4322914 0.4273386 0.4223857 0.4174329 0.41248 0.4075272 0.4025743 0.3976215 0.3926686 0.3877158 0.382763 0.3778101 0.3728573 0.3679044 0.3629516 0.3579987 0.3530459 0.348093 0.3431402 0.3381873 0.3332345
0.6236939 0.618741 0.6137882 0.6088353 0.6038825 0.5989296 0.5939768 0.589024 0.5840711 0.5791183 0.5741654 0.5692126 0.5642597 0.5593069 0.554354 0.5494012 0.5444483 0.5394955 0.5345426 0.5295898 0.5246369 0.5196841 0.5147313 0.5097784 0.5048256 0.4998727 0.4949199 0.489967 0.4850142 0.4800613 0.4751085 0.4701556 0.4652028 0.4602499 0.4552971 0.4503442 0.4453914 0.4404385 0.4354857 0.4305329 0.42558 0.4206272 0.4156743 0.4107215 0.4057686 0.4008158 0.3958629 0.3909101 0.3859572 0.3810044 0.3760515 0.3710987 0.3661458 0.361193 0.3562402 0.3512873 0.3463345 0.3413816 0.3364288 0.3314759
0.6219353 0.6169825 0.6120296 0.6070768 0.6021239 0.5971711 0.5922182 0.5872654 0.5823125 0.5773597 0.5724068 0.567454 0.5625012 0.5575483 0.5525955 0.5476426 0.5426898 0.5377369 0.5327841 0.5278312 0.5228784 0.5179255 0.5129727 0.5080198 0.503067 0.4981141 0.4931613 0.4882085 0.4832556 0.4783028 0.4733499 0.4683971 0.4634442 0.4584914 0.4535385 0.4485857 0.4436328 0.43868 0.4337271 0.4287743 0.4238214 0.4188686 0.4139158 0.4089629 0.4040101 0.3990572 0.3941044 0.3891515 0.3841987 0.3792458 0.374293 0.3693401 0.3643873 0.3594344 0.3544816 0.3495287 0.3445759 0.3396231 0.3346702 0.3297174
0.6201768 0.6152239 0.6102711 0.6053182 0.6003654 0.5954125 0.5904597 0.5855068 0.580554 0.5756011 0.5706483 0.5656954 0.5607426 0.5557897 0.5508369 0.5458841 0.5409312 0.5359784 0.5310255 0.5260727 0.5211198 0.516167 0.5112141 0.5062613 0.5013084 0.4963556 0.4914027 0.4864499 0.481497 0.4765442 0.4715914 0.4666385 0.4616857 0.4567328 0.45178 0.4468271 0.4418743 0.4369214 0.4319686 0.4270157 0.4220629 0.41711 0.4121572 0.4072043 0.4022515 0.3972987 0.3923458 0.387393 0.3824401 0.3774873 0.3725344 0.3675816 0.3626287 0.3576759 0.352723 0.3477702 0.3428173 0.3378645 0.3329116 0.3279588
0.6184182 0.6134653 0.6085125 0.6035596 0.5986068 0.593654 0.5887011 0.5837483 0.5787954 0.5738426 0.5688897 0.5639369 0.558984 0.5540312 0.5490783 0.5441255 0.5391726 0.5342198 0.5292669 0.5243141 0.5193613 0.5144084 0.5094556 0.5045027 0.4995499 0.494597 0.4896442 0.4846913 0.4797385 0.4747856 0.4698328 0.4648799 0.4599271 0.4549742 0.4500214 0.4450686 0.4401157 0.4351629 0.43021 0.4252572 0.4203043 0.4153515 0.4103986 0.4054458 0.4004929 0.3955401 0.3905872 0.3856344 0.3806815 0.3757287 0.3707759 0.365823 0.3608702 0.3559173 0.3509645 0.3460116 0.3410588 0.3361059 0.3311531 0.3262002
0.6166596 0.6117068 0.6067539 0.6018011 0.5968482 0.5918954 0.5869425 0.5819897 0.5770369 0.572084 0.5671312 0.5621783 0.5572255 0.5522726 0.5473198 0.5423669 0.5374141 0.5324612 0.5275084 0.5225555 0.5176027 0.5126498 0.507697 0.5027442 0.4977913 0.4928385 0.4878856 0.4829328 0.4779799 0.4730271 0.4680742 0.4631214 0.4581685 0.4532157 0.4482628 0.44331 0.4383571 0.4334043 0.4284515 0.4234986 0.4185458 0.4135929 0.4086401 0.4036872 0.3987344 0.3937815 0.3888287 0.3838758 0.378923 0.3739701 0.3690173 0.3640644 0.3591116 0.3541588 0.3492059 0.3442531 0.3393002 0.3343474 0.3293945 0.3244417
0.6149011 0.6099482 0.6049954 0.6000425 0.5950897 0.5901368 0.585184 0.5802311 0.5752783 0.5703254 0.5653726 0.5604197 0.5554669 0.5505141 0.5455612 0.5406084 0.5356555 0.5307027 0.5257498 0.520797 0.5158441 0.5108913 0.5059384 0.5009856 0.4960327 0.4910799 0.486127 0.4811742 0.4762214 0.4712685 0.4663157 0.4613628 0.45641 0.4514571 0.4465043 0.4415514 0.4365986 0.4316457 0.4266929 0.42174 0.4167872 0.4118343 0.4068815 0.4019287 0.3969758 0.392023 0.3870701 0.3821173 0.3771644 0.3722116 0.3672587 0.3623059 0.357353 0.3524002 0.3474473 0.3424945 0.3375416 0.3325888 0.327636 0.3226831
0.6131425 0.6081897 0.6032368 0.598284 0.5933311 0.5883783 0.5834254 0.5784726 0.5735197 0.5685669 0.563614 0.5586612 0.5537083 0.5487555 0.5438026 0.5388498 0.533897 0.5289441 0.5239913 0.5190384 0.5140856 0.5091327 0.5041799 0.499227 0.4942742 0.4893213 0.4843685 0.4794156 0.4744628 0.4695099 0.4645571 0.4596043 0.4546514 0.4496986 0.4447457 0.4397929 0.43484 0.4298872 0.4249343 0.4199815 0.4150286 0.4100758 0.4051229 0.4001701 0.3952172 0.3902644 0.3853116 0.3803587 0.3754059 0.370453 0.3655002 0.3605473 0.3555945 0.3506416 0.3456888 0.3407359 0.3357831 0.3308302 0.3258774 0.3209245
