reference/gradient_landscape.asc
ncols         150
nrows         150
xllcorner     0
yllcorner     0
cellsize      1
NODATA_value  -9999
[rows 52 to 77 of 150, columns 0 to 59 of 150]
0.9085547 0.9036019 0.898649 0.8936962 0.8887434 0.8837905 0.8788377 0.8738848 0.868932 0.8639791 0.8590263 0.8540734 0.8491206 0.8441677 0.8392149 0.834262 0.8293092 0.8243563 0.8194035 0.8144507 0.8094978 0.804545 0.7995921 0.7946393 0.7896864 0.7847336 0.7797807 0.7748279 0.769875 0.7649222 0.7599693 0.7550165 0.7500636 0.7451108 0.740158 0.7352051 0.7302523 0.7252994 0.7203466 0.7153937 0.7104409 0.705488 0.7005352 0.6955823 0.6906295 0.6856766 0.6807238 0.6757709 0.6708181 0.6658653 0.6609124 0.6559596 0.6510067 0.6460539 0.641101 0.6361482 0.6311953 0.6262425 0.6212896 0.6163368
0.9067962 0.9018433 0.8968905 0.8919376 0.8869848 0.8820319 0.8770791 0.8721262 0.8671734 0.8622206 0.8572677 0.8523149 0.847362 0.8424092 0.8374563 0.8325035 0.8275506 0.8225978 0.8176449 0.8126921 0.8077392 0.8027864 0.7978335 0.7928807 0.7879279 0.782975 0.7780222 0.7730693 0.7681165 0.7631636 0.7582108 0.7532579 0.7483051 0.7433522 0.7383994 0.7334465 0.7284937 0.7235408 0.718588 0.7136352 0.7086823 0.7037295 0.6987766 0.6938238 0.6888709 0.6839181 0.6789652 0.6740124 0.6690595 0.6641067 0.6591538 0.654201 0.6492481 0.6442953 0.6393425 0.6343896 0.6294368 0.6244839 0.6195311 0.6145782
0.9050376 0.9000848 0.8951319 0.8901791 0.8852262 0.8802734 0.8753205 0.8703677 0.8654148 0.860462 0.8555091 0.8505563 0.8456035 0.8406506 0.8356978 0.8307449 0.8257921 0.8208392 0.8158864 0.8109335 0.8059807 0.8010278 0.796075 0.7911221 0.7861693 0.7812164 0.7762636 0.7713108 0.7663579 0.7614051 0.7564522 0.7514994 0.7465465 0.7415937 0.7366408 0.731688 0.7267351 0.7217823 0.7168294 0.7118766 0.7069237 0.7019709 0.6970181 0.6920652 0.6871124 0.6821595 0.6772067 0.6722538 0.667301 0.6623481 0.6573953 0.6524424 0.6474896 0.6425367 0.6375839 0.632631 0.6276782 0.6227254 0.6177725 0.6128197
0.9032791 0.8983262 0.8933734 0.8884205 0.8834677 0.8785148 0.873562 0.8686091 0.8636563 0.8587034 0.8537506 0.8487977 0.8438449 0.838892 0.8339392 0.8289864 0.8240335 0.8190807 0.8141278 0.809175 0.8042221 0.7992693 0.7943164 0.7893636 0.7844107 0.7794579 0.774505 0.7695522 0.7645993 0.7596465 0.7546937 0.7497408 0.744788 0.7398351 0.7348823 0.7299294 0.7249766 0.7200237 0.7150709 0.710118 0.7051652 0.7002123 0.6952595 0.6903066 0.6853538 0.680401 0.6754481 0.6704953 0.6655424 0.6605896 0.6556367 0.6506839 0.645731 0.6407782 0.6358253 0.6308725 0.6259196 0.6209668 0.6160139 0.6110611
0.9015205 0.8965676 0.8916148 0.8866619 0.8817091 0.8767563 0.8718034 0.8668506 0.8618977 0.8569449 0.851992 0.8470392 0.8420863 0.8371335 0.8321806 0.8272278 0.8222749 0.8173221 0.8123692 0.8074164 0.8024636 0.7975107 0.7925579 0.787605 0.7826522 0.7776993 0.7727465 0.7677936 0.7628408 0.7578879 0.7529351 0.7479822 0.7430294 0.7380765 0.7331237 0.7281709 0.723218 0.7182652 0.7133123 0.7083595 0.7034066 0.6984538 0.6935009 0.6885481 0.6835952 0.6786424 0.6736895 0.6687367 0.6637838 0.658831 0.6538782 0.6489253 0.6439725 0.6390196 0.6340668 0.6291139 0.6241611 0.6192082 0.6142554 0.6093025
0.8997619 0.8948091 0.8898562 0.8849034 0.8799505 0.8749977 0.8700448 0.865092 0.8601392 0.8551863 0.8502335 0.8452806 0.8403278 0.8353749 0.8304221 0.8254692 0.8205164 0.8155635 0.8106107 0.8056578 0.800705 0.7957521 0.7907993 0.7858465 0.7808936 0.7759408 0.7709879 0.7660351 0.7610822 0.7561294 0.7511765 0.7462237 0.7412708 0.736318 0.7313651 0.7264123 0.7214594 0.7165066 0.7115538 0.7066009 0.7016481 0.6966952 0.6917424 0.6867895 0.6818367 0.6768838 0.671931 0.6669781 0.6620253 0.6570724 0.6521196 0.6471667 0.6422139 0.6372611 0.6323082 0.6273554 0.6224025 0.6174497 0.6124968 0.607544
0.8980034 0.8930505 0.8880977 0.8831448 0.878192 0.8732391 0.8682863 0.8633334 0.8583806 0.8534277 0.8484749 0.843522 0.8385692 0.8336164 0.8286635 0.8237107 0.8187578 0.813805 0.8088521 0.8038993 0.7989464 0.7939936 0.7890407 0.7840879 0.779135 0.7741822 0.7692293 0.7642765 0.7593237 0.7543708 0.749418 0.7444651 0.7395123 0.7345594 0.7296066 0.7246537 0.7197009 0.714748 0.7097952 0.7048423 0.6998895 0.6949366 0.6899838 0.685031 0.6800781 0.6751253 0.6701724 0.6652196 0.6602667 0.6553139 0.650361 0.6454082 0.6404553 0.6355025 0.6305496 0.6255968 0.6206439 0.6156911 0.6107383 0.6057854
0.8962448 0.891292 0.8863391 0.8813863 0.8764334 0.8714806 0.8665277 0.8615749 0.856622 0.8516692 0.8467163 0.8417635 0.8368106 0.8318578 0.8269049 0.8219521 0.8169993 0.8120464 0.8070936 0.8021407 0.7971879 0.792235 0.7872822 0.7823293 0.7773765 0.7724236 0.7674708 0.7625179 0.7575651 0.7526122 0.7476594 0.7427066 0.7377537 0.7328009 0.727848 0.7228952 0.7179423 0.7129895 0.7080366 0.7030838 0.6981309 0.6931781 0.6882252 0.6832724 0.6783195 0.6733667 0.6684139 0.663461 0.6585082 0.6535553 0.6486025 0.6436496 0.6386968 0.6337439 0.6287911 0.6238382 0.6188854 0.6139325 0.6089797 0.6040268
0.8944862 0.8895334 0.8845805 0.8796277 0.8746749 0.869722 0.8647692 0.8598163 0.8548635 0.8499106 0.8449578 0.8400049 0.8350521 0.8300992 0.8251464 0.8201935 0.8152407 0.8102878 0.805335 0.8003822 0.7954293 0.7904765 0.7855236 0.7805708 0.7756179 0.7706651 0.7657122 0.7607594 0.7558065 0.7508537 0.7459008 0.740948 0.7359951 0.7310423 0.7260894 0.7211366 0.7161838 0.7112309 0.7062781 0.7013252 0.6963724 0.6914195 0.6864667 0.6815138 0.676561 0.6716081 0.6666553 0.6617024 0.6567496 0.6517967 0.6468439 0.6418911 0.6369382 0.6319854 0.6270325 0.6220797 0.6171268 0.612174 0.6072211 0.6022683
0.8927277 0.8877748 0.882822 0.8778691 0.8729163 0.8679634 0.8630106 0.8580577 0.8531049 0.8481521 0.8431992 0.8382464 0.8332935 0.8283407 0.8233878 0.818435 0.8134821 0.8085293 0.8035764 0.7986236 0.7936707 0.7887179 0.783765 0.7788122 0.7738594 0.7689065 0.7639537 0.7590008 0.754048 0.7490951 0.7441423 0.7391894 0.7342366 0.7292837 0.7243309 0.719378 0.7144252 0.7094723 0.7045195 0.6995667 0.6946138 0.689661 0.6847081 0.6797553 0.6748024 0.6698496 0.6648967 0.6599439 0.654991 0.6500382 0.6450853 0.6401325 0.6351796 0.6302268 0.625274 0.6203211 0.6153683 0.6104154 0.6054626 0.6005097
0.8909691 0.8860163 0.8810634 0.8761106 0.8711577 0.8662049 0.861252 0.8562992 0.8513463 0.8463935 0.8414406 0.8364878 0.831535 0.8265821 0.8216293 0.8166764 0.8117236 0.8067707 0.8018179 0.796865 0.7919122 0.7869593 0.7820065 0.7770536 0.7721008 0.7671479 0.7621951 0.7572423 0.7522894 0.7473366 0.7423837 0.7374309 0.732478 0.7275252 0.7225723 0.7176195 0.7126666 0.7077138 0.7027609 0.6978081 0.6928552 0.6879024 0.6829496 0.6779967 0.6730439 0.668091 0.6631382 0.6581853 0.6532325 0.6482796 0.6433268 0.6383739 0.6334211 0.6284682 0.6235154 0.6185625 0.6136097 0.6086569 0.603704 0.5987512
0.8892105 0.8842577 0.8793049 0.874352 0.8693992 0.8644463 0.8594935 0.8545406 0.8495878 0.8446349 0.8396821 0.8347292 0.8297764 0.8248235 0.8198707 0.8149178 0.809965 0.8050122 0.8000593 0.7951065 0.7901536 0.7852008 0.7802479 0.7752951 0.7703422 0.7653894 0.7604365 0.7554837 0.7505308 0.745578 0.7406251 0.7356723 0.7307195 0.7257666 0.7208138 0.7158609 0.7109081 0.7059552 0.7010024 0.6960495 0.6910967 0.6861438 0.681191 0.6762381 0.6712853 0.6663324 0.6613796 0.6564268 0.6514739 0.6465211 0.6415682 0.6366154 0.6316625 0.6267097 0.6217568 0.616804 0.6118511 0.6068983 0.6019454 0.5969926
0.887452 0.8824991 0.8775463 0.8725934 0.8676406 0.8626878 0.8577349 0.8527821 0.8478292 0.8428764 0.8379235 0.8329707 0.8280178 0.823065 0.8181121 0.8131593 0.8082064 0.8032536 0.7983007 0.7933479 0.7883951 0.7834422 0.7784894 0.7735365 0.7685837 0.7636308 0.758678 0.7537251 0.7487723 0.7438194 0.7388666 0.7339137 0.7289609 0.724008 0.7190552 0.7141024 0.7091495 0.7041967 0.6992438 0.694291 0.6893381 0.6843853 0.6794324 0.6744796 0.6695267 0.6645739 0.659621 0.6546682 0.6497153 0.6447625 0.6398097 0.6348568 0.629904 0.6249511 0.6199983 0.6150454 0.6100926 0.6051397 0.6001869 0.595234
0.8856934 0.8807406 0.8757877 0.8708349 0.865882 0.8609292 0.8559763 0.8510235 0.8460706 0.8411178 0.836165 0.8312121 0.8262593 0.8213064 0.8163536 0.8114007 0.8064479 0.801495 0.7965422 0.7915893 0.7866365 0.7816836 0.7767308 0.7717779 0.7668251 0.7618723 0.7569194 0.7519666 0.7470137 0.7420609 0.737108 0.7321552 0.7272023 0.7222495 0.7172966 0.7123438 0.7073909 0.7024381 0.6974852 0.6925324 0.6875796 0.6826267 0.6776739 0.672721 0.6677682 0.6628153 0.6578625 0.6529096 0.6479568 0.6430039 0.6380511 0.6330982 0.6281454 0.6231925 0.6182397 0.6132869 0.608334 0.6033812 0.5984283 0.5934755
0.8839349 0.878982 0.8740292 0.8690763 0.8641235 0.8591706 0.8542178 0.8492649 0.8443121 0.8393592 0.8344064 0.8294535 0.8245007 0.8195479 0.814595 0.8096422 0.8046893 0.7997365 0.7947836 0.7898308 0.7848779 0.7799251 0.7749722 0.7700194 0.7650665 0.7601137 0.7551608 0.750208 0.7452552 0.7403023 0.7353495 0.7303966 0.7254438 0.7204909 0.7155381 0.7105852 0.7056324 0.7006795 0.6957267 0.6907738 0.685821 0.6808681 0.6759153 0.6709625 0.6660096 0.6610568 0.6561039 0.6511511 0.6461982 0.6412454 0.6362925 0.6313397 0.6263868 0.621434 0.6164811 0.6115283 0.6065754 0.6016226 0.5966698 0.5917169
0.8821763 0.8772235 0.8722706 0.8673178 0.8623649 0.8574121 0.8524592 0.8475064 0.8425535 0.8376007 0.8326478 0.827695 0.8227421 0.8177893 0.8128364 0.8078836 0.8029308 0.7979779 0.7930251 0.7880722 0.7831194 0.7781665 0.7732137 0.7682608 0.763308 0.7583551 0.7534023 0.7484494 0.7434966 0.7385437 0.7335909 0.7286381 0.7236852 0.7187324 0.7137795 0.7088267 0.7038738 0.698921 0.6939681 0.6890153 0.6840624 0.6791096 0.6741567 0.6692039 0.664251 0.6592982 0.6543454 0.6493925 0.6444397 0.6394868 0.634534 0.6295811 0.6246283 0.6196754 0.6147226 0.6097697 0.6048169 0.599864 0.5949112 0.5899583
0.8804177 0.8754649 0.870512 0.8655592 0.8606063 0.8556535 0.8507007 0.8457478 0.840795 0.8358421 0.8308893 0.8259364 0.8209836 0.8160307 0.8110779 0.806125 0.8011722 0.7962193 0.7912665 0.7863136 0.7813608 0.776408 0.7714551 0.7665023 0.7615494 0.7565966 0.7516437 0.7466909 0.741738 0.7367852 0.7318323 0.7268795 0.7219266 0.7169738 0.7120209 0.7070681 0.7021153 0.6971624 0.6922096 0.6872567 0.6823039 0.677351 0.6723982 0.6674453 0.6624925 0.6575396 0.6525868 0.6476339 0.6426811 0.6377282 0.6327754 0.6278226 0.6228697 0.6179169 0.612964 0.6080112 0.6030583 0.5981055 0.5931526 0.5881998
0.8786592 0.8737063 0.8687535 0.8638006 0.8588478 0.8538949 0.8489421 0.8439892 0.8390364 0.8340836 0.8291307 0.8241779 0.819225 0.8142722 0.8093193 0.8043665 0.7994136 0.7944608 0.7895079 0.7845551 0.7796022 0.7746494 0.7696965 0.7647437 0.7597909 0.754838 0.7498852 0.7449323 0.7399795 0.7350266 0.7300738 0.7251209 0.7201681 0.7152152 0.7102624 0.7053095 0.7003567 0.6954038 0.690451 0.6854982 0.6805453 0.6755925 0.6706396 0.6656868 0.6607339 0.6557811 0.6508282 0.6458754 0.6409225 0.6359697 0.6310168 0.626064 0.6211111 0.6161583 0.6112055 0.6062526 0.6012998 0.5963469 0.5913941 0.5864412
0.8769006 0.8719478 0.8669949 0.8620421 0.8570892 0.8521364 0.8471835 0.8422307 0.8372778 0.832325 0.8273721 0.8224193 0.8174664 0.8125136 0.8075608 0.8026079 0.7976551 0.7927022 0.7877494 0.7827965 0.7778437 0.7728908 0.767938 0.7629851 0.7580323 0.7530794 0.7481266 0.7431737 0.7382209 0.7332681 0.7283152 0.7233624 0.7184095 0.7134567 0.7085038 0.703551 0.6985981 0.6936453 0.6886924 0.6837396 0.6787867 0.6738339 0.668881 0.6639282 0.6589754 0.6540225 0.6490697 0.6441168 0.639164 0.6342111 0.6292583 0.6243054 0.6193526 0.6143997 0.6094469 0.604494 0.5995412 0.5945883 0.5896355 0.5846827
0.875142 0.8701892 0.8652364 0.8602835 0.8553307 0.8503778 0.845425 0.8404721 0.8355193 0.8305664 0.8256136 0.8206607 0.8157079 0.810755 0.8058022 0.8008493 0.7958965 0.7909437 0.7859908 0.781038 0.7760851 0.7711323 0.7661794 0.7612266 0.7562737 0.7513209 0.746368 0.7414152 0.7364623 0.7315095 0.7265566 0.7216038 0.716651 0.7116981 0.7067453 0.7017924 0.6968396 0.6918867 0.6869339 0.681981 0.6770282 0.6720753 0.6671225 0.6621696 0.6572168 0.6522639 0.6473111 0.6423583 0.6374054 0.6324526 0.6274997 0.6225469 0.617594 0.6126412 0.6076883 0.6027355 0.5977826 0.5928298 0.5878769 0.5829241
0.8733835 0.8684306 0.8634778 0.8585249 0.8535721 0.8486193 0.8436664 0.8387136 0.8337607 0.8288079 0.823855 0.8189022 0.8139493 0.8089965 0.8040436 0.7990908 0.7941379 0.7891851 0.7842322 0.7792794 0.7743266 0.7693737 0.7644209 0.759468 0.7545152 0.7495623 0.7446095 0.7396566 0.7347038 0.7297509 0.7247981 0.7198452 0.7148924 0.7099395 0.7049867 0.7000339 0.695081 0.6901282 0.6851753 0.6802225 0.6752696 0.6703168 0.6653639 0.6604111 0.6554582 0.6505054 0.6455525 0.6405997 0.6356468 0.630694 0.6257412 0.6207883 0.6158355 0.6108826 0.6059298 0.6009769 0.5960241 0.5910712 0.5861184 0.5811655
0.8716249 0.8666721 0.8617192 0.8567664 0.8518135 0.8468607 0.8419078 0.836955 0.8320021 0.8270493 0.8220965 0.8171436 0.8121908 0.8072379 0.8022851 0.7973322 0.7923794 0.7874265 0.7824737 0.7775208 0.772568 0.7676151 0.7626623 0.7577094 0.7527566 0.7478038 0.7428509 0.7378981 0.7329452 0.7279924 0.7230395 0.7180867 0.7131338 0.708181 0.7032281 0.6982753 0.6933224 0.6883696 0.6834167 0.6784639 0.6735111 0.6685582 0.6636054 0.6586525 0.6536997 0.6487468 0.643794 0.6388411 0.6338883 0.6289354 0.6239826 0.6190297 0.6140769 0.609124 0.6041712 0.5992184 0.5942655 0.5893127 0.5843598 0.579407
0.8698664 0.8649135 0.8599607 0.8550078 0.850055 0.8451021 0.8401493 0.8351964 0.8302436 0.8252907 0.8203379 0.815385 0.8104322 0.8054794 0.8005265 0.7955737 0.7906208 0.785668 0.7807151 0.7757623 0.7708094 0.7658566 0.7609037 0.7559509 0.750998 0.7460452 0.7410923 0.7361395 0.7311867 0.7262338 0.721281 0.7163281 0.7113753 0.7064224 0.7014696 0.6965167 0.6915639 0.686611 0.6816582 0.6767053 0.6717525 0.6667996 0.6618468 0.656894 0.6519411 0.6469883 0.6420354 0.6370826 0.6321297 0.6271769 0.622224 0.6172712 0.6123183 0.6073655 0.6024126 0.5974598 0.5925069 0.5875541 0.5826013 0.5776484
0.8681078 0.8631549 0.8582021 0.8532493 0.8482964 0.8433436 0.8383907 0.8334379 0.828485 0.8235322 0.8185793 0.8136265 0.8086736 0.8037208 0.7987679 0.7938151 0.7888622 0.7839094 0.7789566 0.7740037 0.7690509 0.764098 0.7591452 0.7541923 0.7492395 0.7442866 0.7393338 0.7343809 0.7294281 0.7244752 0.7195224 0.7145695 0.7096167 0.7046639 0.699711 0.6947582 0.6898053 0.6848525 0.6798996 0.6749468 0.6699939 0.6650411 0.6600882 0.6551354 0.6501825 0.6452297 0.6402768 0.635324 0.6303712 0.6254183 0.6204655 0.6155126 0.6105598 0.6056069 0.6006541 0.5957012 0.5907484 0.5857955 0.5808427 0.5758898
0.8663492 0.8613964 0.8564435 0.8514907 0.8465378 0.841585 0.8366322 0.8316793 0.8267265 0.8217736 0.8168208 0.8118679 0.8069151 0.8019622 0.7970094 0.7920565 0.7871037 0.7821508 0.777198 0.7722451 0.7672923 0.7623395 0.7573866 0.7524338 0.7474809 0.7425281 0.7375752 0.7326224 0.7276695 0.7227167 0.7177638 0.712811 0.7078581 0.7029053 0.6979524 0.6929996 0.6880468 0.6830939 0.6781411 0.6731882 0.6682354 0.6632825 0.6583297 0.6533768 0.648424 0.6434711 0.6385183 0.6335654 0.6286126 0.6236597 0.6187069 0.6137541 0.6088012 0.6038484 0.5988955 0.5939427 0.5889898 0.584037 0.5790841 0.5741313
0.8645907 0.8596378 0.854685 0.8497321 0.8447793 0.8398264 0.8348736 0.8299207 0.8249679 0.8200151 0.8150622 0.8101094 0.8051565 0.8002037 0.7952508 0.790298 0.7853451 0.7803923 0.7754394 0.7704866 0.7655337 0.7605809 0.755628 0.7506752 0.7457224 0.7407695 0.7358167 0.7308638 0.725911 0.7209581 0.7160053 0.7110524 0.7060996 0.7011467 0.6961939 0.691241 0.6862882 0.6813353 0.6763825 0.6714297 0.6664768 0.661524 0.6565711 0.6516183 0.6466654 0.6417126 0.6367597 0.6318069 0.626854 0.6219012 0.6169483 0.6119955 0.6070426 0.6020898 0.597137 0.5921841 0.5872313 0.5822784 0.5773256 0.5723727
