reference/gradient_landscape.asc
ncols         150
nrows         150
xllcorner     0
yllcorner     0
cellsize      1
NODATA_value  -9999
[rows 0 to 25 of 150, columns 60 to 119 of 150]
0.7028292 0.6978764 0.6929235 0.6879707 0.6830178 0.678065 0.6731121 0.6681593 0.6632064 0.6582536 0.6533007 0.6483479 0.643395 0.6384422 0.6334893 0.6285365 0.6235837 0.6186308 0.613678 0.6087251 0.6037723 0.5988194 0.5938666 0.5889137 0.5839609 0.579008 0.5740552 0.5691023 0.5641495 0.5591966 0.5542438 0.549291 0.5443381 0.5393853 0.5344324 0.5294796 0.5245267 0.5195739 0.514621 0.5096682 0.5047153 0.4997625 0.4948096 0.4898568 0.4849039 0.4799511 0.4749983 0.4700454 0.4650926 0.4601397 0.4551869 0.450234 0.4452812 0.4403283 0.4353755 0.4304226 0.4254698 0.4205169 0.4155641 0.4106112
0.7010706 0.6961178 0.6911649 0.6862121 0.6812592 0.6763064 0.6713536 0.6664007 0.6614479 0.656495 0.6515422 0.6465893 0.6416365 0.6366836 0.6317308 0.6267779 0.6218251 0.6168722 0.6119194 0.6069665 0.6020137 0.5970609 0.592108 0.5871552 0.5822023 0.5772495 0.5722966 0.5673438 0.5623909 0.5574381 0.5524852 0.5475324 0.5425795 0.5376267 0.5326738 0.527721 0.5227682 0.5178153 0.5128625 0.5079096 0.5029568 0.4980039 0.4930511 0.4880982 0.4831454 0.4781925 0.4732397 0.4682868 0.463334 0.4583811 0.4534283 0.4484755 0.4435226 0.4385698 0.4336169 0.4286641 0.4237112 0.4187584 0.4138055 0.4088527
0.6993121 0.6943592 0.6894064 0.6844535 0.6795007 0.6745478 0.669595 0.6646421 0.6596893 0.6547365 0.6497836 0.6448308 0.6398779 0.6349251 0.6299722 0.6250194 0.6200665 0.6151137 0.6101608 0.605208 0.6002551 0.5953023 0.5903494 0.5853966 0.5804438 0.5754909 0.5705381 0.5655852 0.5606324 0.5556795 0.5507267 0.5457738 0.540821 0.5358681 0.5309153 0.5259624 0.5210096 0.5160567 0.5111039 0.5061511 0.5011982 0.4962454 0.4912925 0.4863397 0.4813868 0.476434 0.4714811 0.4665283 0.4615754 0.4566226 0.4516697 0.4467169 0.441764 0.4368112 0.4318584 0.4269055 0.4219527 0.4169998 0.412047 0.4070941
0.6975535 0.6926007 0.6876478 0.682695 0.6777421 0.6727893 0.6678364 0.6628836 0.6579307 0.6529779 0.648025 0.6430722 0.6381194 0.6331665 0.6282137 0.6232608 0.618308 0.6133551 0.6084023 0.6034494 0.5984966 0.5935437 0.5885909 0.583638 0.5786852 0.5737323 0.5687795 0.5638267 0.5588738 0.553921 0.5489681 0.5440153 0.5390624 0.5341096 0.5291567 0.5242039 0.519251 0.5142982 0.5093453 0.5043925 0.4994396 0.4944868 0.489534 0.4845811 0.4796283 0.4746754 0.4697226 0.4647697 0.4598169 0.454864 0.4499112 0.4449583 0.4400055 0.4350526 0.4300998 0.4251469 0.4201941 0.4152413 0.4102884 0.4053356
0.6957949 0.6908421 0.6858893 0.6809364 0.6759836 0.6710307 0.6660779 0.661125 0.6561722 0.6512193 0.6462665 0.6413136 0.6363608 0.6314079 0.6264551 0.6215022 0.6165494 0.6115966 0.6066437 0.6016909 0.596738 0.5917852 0.5868323 0.5818795 0.5769266 0.5719738 0.5670209 0.5620681 0.5571152 0.5521624 0.5472095 0.5422567 0.5373039 0.532351 0.5273982 0.5224453 0.5174925 0.5125396 0.5075868 0.5026339 0.4976811 0.4927282 0.4877754 0.4828225 0.4778697 0.4729168 0.467964 0.4630112 0.4580583 0.4531055 0.4481526 0.4431998 0.4382469 0.4332941 0.4283412 0.4233884 0.4184355 0.4134827 0.4085298 0.403577
0.6940364 0.6890835 0.6841307 0.6791778 0.674225 0.6692722 0.6643193 0.6593665 0.6544136 0.6494608 0.6445079 0.6395551 0.6346022 0.6296494 0.6246965 0.6197437 0.6147908 0.609838 0.6048851 0.5999323 0.5949795 0.5900266 0.5850738 0.5801209 0.5751681 0.5702152 0.5652624 0.5603095 0.5553567 0.5504038 0.545451 0.5404981 0.5355453 0.5305924 0.5256396 0.5206868 0.5157339 0.5107811 0.5058282 0.5008754 0.4959225 0.4909697 0.4860168 0.481064 0.4761111 0.4711583 0.4662054 0.4612526 0.4562997 0.4513469 0.4463941 0.4414412 0.4364884 0.4315355 0.4265827 0.4216298 0.416677 0.4117241 0.4067713 0.4018184
0.6922778 0.687325 0.6823721 0.6774193 0.6724664 0.6675136 0.6625607 0.6576079 0.652655 0.6477022 0.6427494 0.6377965 0.6328437 0.6278908 0.622938 0.6179851 0.6130323 0.6080794 0.6031266 0.5981737 0.5932209 0.588268 0.5833152 0.5783623 0.5734095 0.5684567 0.5635038 0.558551 0.5535981 0.5486453 0.5436924 0.5387396 0.5337867 0.5288339 0.523881 0.5189282 0.5139753 0.5090225 0.5040696 0.4991168 0.494164 0.4892111 0.4842583 0.4793054 0.4743526 0.4693997 0.4644469 0.459494 0.4545412 0.4495883 0.4446355 0.4396826 0.4347298 0.4297769 0.4248241 0.4198713 0.4149184 0.4099656 0.4050127 0.4000599
0.6905193 0.6855664 0.6806136 0.6756607 0.6707079 0.665755 0.6608022 0.6558493 0.6508965 0.6459436 0.6409908 0.6360379 0.6310851 0.6261323 0.6211794 0.6162266 0.6112737 0.6063209 0.601368 0.5964152 0.5914623 0.5865095 0.5815566 0.5766038 0.5716509 0.5666981 0.5617452 0.5567924 0.5518396 0.5468867 0.5419339 0.536981 0.5320282 0.5270753 0.5221225 0.5171696 0.5122168 0.5072639 0.5023111 0.4973582 0.4924054 0.4874525 0.4824997 0.4775469 0.472594 0.4676412 0.4626883 0.4577355 0.4527826 0.4478298 0.4428769 0.4379241 0.4329712 0.4280184 0.4230655 0.4181127 0.4131598 0.408207 0.4032542 0.3983013
0.6887607 0.6838079 0.678855 0.6739022 0.6689493 0.6639965 0.6590436 0.6540908 0.6491379 0.6441851 0.6392322 0.6342794 0.6293265 0.6243737 0.6194208 0.614468 0.6095152 0.6045623 0.5996095 0.5946566 0.5897038 0.5847509 0.5797981 0.5748452 0.5698924 0.5649395 0.5599867 0.5550338 0.550081 0.5451281 0.5401753 0.5352225 0.5302696 0.5253168 0.5203639 0.5154111 0.5104582 0.5055054 0.5005525 0.4955997 0.4906468 0.485694 0.4807411 0.4757883 0.4708354 0.4658826 0.4609298 0.4559769 0.4510241 0.4460712 0.4411184 0.4361655 0.4312127 0.4262598 0.421307 0.4163541 0.4114013 0.4064484 0.4014956 0.3965427
0.6870021 0.6820493 0.6770964 0.6721436 0.6671907 0.6622379 0.6572851 0.6523322 0.6473794 0.6424265 0.6374737 0.6325208 0.627568 0.6226151 0.6176623 0.6127094 0.6077566 0.6028037 0.5978509 0.592898 0.5879452 0.5829924 0.5780395 0.5730867 0.5681338 0.563181 0.5582281 0.5532753 0.5483224 0.5433696 0.5384167 0.5334639 0.528511 0.5235582 0.5186053 0.5136525 0.5086997 0.5037468 0.498794 0.4938411 0.4888883 0.4839354 0.4789826 0.4740297 0.4690769 0.464124 0.4591712 0.4542183 0.4492655 0.4443126 0.4393598 0.434407 0.4294541 0.4245013 0.4195484 0.4145956 0.4096427 0.4046899 0.399737 0.3947842
0.6852436 0.6802907 0.6753379 0.670385 0.6654322 0.6604793 0.6555265 0.6505736 0.6456208 0.640668 0.6357151 0.6307623 0.6258094 0.6208566 0.6159037 0.6109509 0.605998 0.6010452 0.5960923 0.5911395 0.5861866 0.5812338 0.5762809 0.5713281 0.5663753 0.5614224 0.5564696 0.5515167 0.5465639 0.541611 0.5366582 0.5317053 0.5267525 0.5217996 0.5168468 0.5118939 0.5069411 0.5019882 0.4970354 0.4920826 0.4871297 0.4821769 0.477224 0.4722712 0.4673183 0.4623655 0.4574126 0.4524598 0.4475069 0.4425541 0.4376012 0.4326484 0.4276955 0.4227427 0.4177899 0.412837 0.4078842 0.4029313 0.3979785 0.3930256
0.683485 0.6785322 0.6735793 0.6686265 0.6636736 0.6587208 0.6537679 0.6488151 0.6438622 0.6389094 0.6339565 0.6290037 0.6240508 0.619098 0.6141452 0.6091923 0.6042395 0.5992866 0.5943338 0.5893809 0.5844281 0.5794752 0.5745224 0.5695695 0.5646167 0.5596638 0.554711 0.5497581 0.5448053 0.5398525 0.5348996 0.5299468 0.5249939 0.5200411 0.5150882 0.5101354 0.5051825 0.5002297 0.4952768 0.490324 0.4853711 0.4804183 0.4754654 0.4705126 0.4655598 0.4606069 0.4556541 0.4507012 0.4457484 0.4407955 0.4358427 0.4308898 0.425937 0.4209841 0.4160313 0.4110784 0.4061256 0.4011727 0.3962199 0.3912671
0.6817264 0.6767736 0.6718208 0.6668679 0.6619151 0.6569622 0.6520094 0.6470565 0.6421037 0.6371508 0.632198 0.6272451 0.6222923 0.6173394 0.6123866 0.6074337 0.6024809 0.5975281 0.5925752 0.5876224 0.5826695 0.5777167 0.5727638 0.567811 0.5628581 0.5579053 0.5529524 0.5479996 0.5430467 0.5380939 0.533141 0.5281882 0.5232354 0.5182825 0.5133297 0.5083768 0.503424 0.4984711 0.4935183 0.4885654 0.4836126 0.4786597 0.4737069 0.468754 0.4638012 0.4588483 0.4538955 0.4489427 0.4439898 0.439037 0.4340841 0.4291313 0.4241784 0.4192256 0.4142727 0.4093199 0.404367 0.3994142 0.3944613 0.3895085
0.6799679 0.675015 0.6700622 0.6651093 0.6601565 0.6552037 0.6502508 0.645298 0.6403451 0.6353923 0.6304394 0.6254866 0.6205337 0.6155809 0.610628 0.6056752 0.6007223 0.5957695 0.5908166 0.5858638 0.580911 0.5759581 0.5710053 0.5660524 0.5610996 0.5561467 0.5511939 0.546241 0.5412882 0.5363353 0.5313825 0.5264296 0.5214768 0.5165239 0.5115711 0.5066183 0.5016654 0.4967126 0.4917597 0.4868069 0.481854 0.4769012 0.4719483 0.4669955 0.4620426 0.4570898 0.4521369 0.4471841 0.4422312 0.4372784 0.4323256 0.4273727 0.4224199 0.417467 0.4125142 0.4075613 0.4026085 0.3976556 0.3927028 0.3877499
0.6782093 0.6732565 0.6683036 0.6633508 0.6583979 0.6534451 0.6484922 0.6435394 0.6385865 0.6336337 0.6286809 0.623728 0.6187752 0.6138223 0.6088695 0.6039166 0.5989638 0.5940109 0.5890581 0.5841052 0.5791524 0.5741995 0.5692467 0.5642938 0.559341 0.5543882 0.5494353 0.5444825 0.5395296 0.5345768 0.5296239 0.5246711 0.5197182 0.5147654 0.5098125 0.5048597 0.4999068 0.494954 0.4900011 0.4850483 0.4800955 0.4751426 0.4701898 0.4652369 0.4602841 0.4553312 0.4503784 0.4454255 0.4404727 0.4355198 0.430567 0.4256141 0.4206613 0.4157084 0.4107556 0.4058028 0.4008499 0.3958971 0.3909442 0.3859914
0.6764508 0.6714979 0.6665451 0.6615922 0.6566394 0.6516865 0.6467337 0.6417808 0.636828 0.6318751 0.6269223 0.6219694 0.6170166 0.6120638 0.6071109 0.6021581 0.5972052 0.5922524 0.5872995 0.5823467 0.5773938 0.572441 0.5674881 0.5625353 0.5575824 0.5526296 0.5476767 0.5427239 0.5377711 0.5328182 0.5278654 0.5229125 0.5179597 0.5130068 0.508054 0.5031011 0.4981483 0.4931954 0.4882426 0.4832897 0.4783369 0.473384 0.4684312 0.4634784 0.4585255 0.4535727 0.4486198 0.443667 0.4387141 0.4337613 0.4288084 0.4238556 0.4189027 0.4139499 0.408997 0.4040442 0.3990913 0.3941385 0.3891857 0.3842328
0.6746922 0.6697393 0.6647865 0.6598337 0.6548808 0.649928 0.6449751 0.6400223 0.6350694 0.6301166 0.6251637 0.6202109 0.615258 0.6103052 0.6053523 0.6003995 0.5954466 0.5904938 0.585541 0.5805881 0.5756353 0.5706824 0.5657296 0.5607767 0.5558239 0.550871 0.5459182 0.5409653 0.5360125 0.5310596 0.5261068 0.5211539 0.5162011 0.5112483 0.5062954 0.5013426 0.4963897 0.4914369 0.486484 0.4815312 0.4765783 0.4716255 0.4666726 0.4617198 0.4567669 0.4518141 0.4468612 0.4419084 0.4369556 0.4320027 0.4270499 0.422097 0.4171442 0.4121913 0.4072385 0.4022856 0.3973328 0.3923799 0.3874271 0.3824742
0.6729336 0.6679808 0.6630279 0.6580751 0.6531222 0.6481694 0.6432166 0.6382637 0.6333109 0.628358 0.6234052 0.6184523 0.6134995 0.6085466 0.6035938 0.5986409 0.5936881 0.5887352 0.5837824 0.5788295 0.5738767 0.5689239 0.563971 0.5590182 0.5540653 0.5491125 0.5441596 0.5392068 0.5342539 0.5293011 0.5243482 0.5193954 0.5144425 0.5094897 0.5045368 0.499584 0.4946312 0.4896783 0.4847255 0.4797726 0.4748198 0.4698669 0.4649141 0.4599612 0.4550084 0.4500555 0.4451027 0.4401498 0.435197 0.4302441 0.4252913 0.4203385 0.4153856 0.4104328 0.4054799 0.4005271 0.3955742 0.3906214 0.3856685 0.3807157
0.6711751 0.6662222 0.6612694 0.6563165 0.6513637 0.6464108 0.641458 0.6365051 0.6315523 0.6265995 0.6216466 0.6166938 0.6117409 0.6067881 0.6018352 0.5968824 0.5919295 0.5869767 0.5820238 0.577071 0.5721181 0.5671653 0.5622124 0.5572596 0.5523068 0.5473539 0.5424011 0.5374482 0.5324954 0.5275425 0.5225897 0.5176368 0.512684 0.5077311 0.5027783 0.4978254 0.4928726 0.4879197 0.4829669 0.478014 0.4730612 0.4681084 0.4631555 0.4582027 0.4532498 0.448297 0.4433441 0.4383913 0.4334384 0.4284856 0.4235327 0.4185799 0.413627 0.4086742 0.4037213 0.3987685 0.3938157 0.3888628 0.38391 0.3789571
0.6694165 0.6644637 0.6595108 0.654558 0.6496051 0.6446523 0.6396994 0.6347466 0.6297937 0.6248409 0.619888 0.6149352 0.6099823 0.6050295 0.6000767 0.5951238 0.590171 0.5852181 0.5802653 0.5753124 0.5703596 0.5654067 0.5604539 0.555501 0.5505482 0.5455953 0.5406425 0.5356896 0.5307368 0.525784 0.5208311 0.5158783 0.5109254 0.5059726 0.5010197 0.4960669 0.491114 0.4861612 0.4812083 0.4762555 0.4713026 0.4663498 0.4613969 0.4564441 0.4514913 0.4465384 0.4415856 0.4366327 0.4316799 0.426727 0.4217742 0.4168213 0.4118685 0.4069156 0.4019628 0.3970099 0.3920571 0.3871042 0.3821514 0.3771986
0.6676579 0.6627051 0.6577523 0.6527994 0.6478466 0.6428937 0.6379409 0.632988 0.6280352 0.6230823 0.6181295 0.6131766 0.6082238 0.6032709 0.5983181 0.5933652 0.5884124 0.5834596 0.5785067 0.5735539 0.568601 0.5636482 0.5586953 0.5537425 0.5487896 0.5438368 0.5388839 0.5339311 0.5289782 0.5240254 0.5190725 0.5141197 0.5091669 0.504214 0.4992612 0.4943083 0.4893555 0.4844026 0.4794498 0.4744969 0.4695441 0.4645912 0.4596384 0.4546855 0.4497327 0.4447798 0.439827 0.4348742 0.4299213 0.4249685 0.4200156 0.4150628 0.4101099 0.4051571 0.4002042 0.3952514 0.3902985 0.3853457 0.3803928 0.37544
0.6658994 0.6609465 0.6559937 0.6510408 0.646088 0.6411351 0.6361823 0.6312295 0.6262766 0.6213238 0.6163709 0.6114181 0.6064652 0.6015124 0.5965595 0.5916067 0.5866538 0.581701 0.5767481 0.5717953 0.5668424 0.5618896 0.5569368 0.5519839 0.5470311 0.5420782 0.5371254 0.5321725 0.5272197 0.5222668 0.517314 0.5123611 0.5074083 0.5024554 0.4975026 0.4925497 0.4875969 0.4826441 0.4776912 0.4727384 0.4677855 0.4628327 0.4578798 0.452927 0.4479741 0.4430213 0.4380684 0.4331156 0.4281627 0.4232099 0.418257 0.4133042 0.4083514 0.4033985 0.3984457 0.3934928 0.38854 0.3835871 0.3786343 0.3736814
0.6641408 0.659188 0.6542351 0.6492823 0.6443294 0.6393766 0.6344237 0.6294709 0.624518 0.6195652 0.6146124 0.6096595 0.6047067 0.5997538 0.594801 0.5898481 0.5848953 0.5799424 0.5749896 0.5700367 0.5650839 0.560131 0.5551782 0.5502253 0.5452725 0.5403197 0.5353668 0.530414 0.5254611 0.5205083 0.5155554 0.5106026 0.5056497 0.5006969 0.495744 0.4907912 0.4858383 0.4808855 0.4759326 0.4709798 0.466027 0.4610741 0.4561213 0.4511684 0.4462156 0.4412627 0.4363099 0.431357 0.4264042 0.4214513 0.4164985 0.4115456 0.4065928 0.4016399 0.3966871 0.3917343 0.3867814 0.3818286 0.3768757 0.3719229
0.6623823 0.6574294 0.6524766 0.6475237 0.6425709 0.637618 0.6326652 0.6277123 0.6227595 0.6178066 0.6128538 0.6079009 0.6029481 0.5979952 0.5930424 0.5880896 0.5831367 0.5781839 0.573231 0.5682782 0.5633253 0.5583725 0.5534196 0.5484668 0.5435139 0.5385611 0.5336082 0.5286554 0.5237025 0.5187497 0.5137969 0.508844 0.5038912 0.4989383 0.4939855 0.4890326 0.4840798 0.4791269 0.4741741 0.4692212 0.4642684 0.4593155 0.4543627 0.4494098 0.444457 0.4395042 0.4345513 0.4295985 0.4246456 0.4196928 0.4147399 0.4097871 0.4048342 0.3998814 0.3949285 0.3899757 0.3850228 0.38007 0.3751171 0.3701643
0.6606237 0.6556708 0.650718 0.6457652 0.6408123 0.6358595 0.6309066 0.6259538 0.6210009 0.6160481 0.6110952 0.6061424 0.6011895 0.5962367 0.5912838 0.586331 0.5813781 0.5764253 0.5714725 0.5665196 0.5615668 0.5566139 0.5516611 0.5467082 0.5417554 0.5368025 0.5318497 0.5268968 0.521944 0.5169911 0.5120383 0.5070854 0.5021326 0.4971798 0.4922269 0.4872741 0.4823212 0.4773684 0.4724155 0.4674627 0.4625098 0.457557 0.4526041 0.4476513 0.4426984 0.4377456 0.4327927 0.4278399 0.4228871 0.4179342 0.4129814 0.4080285 0.4030757 0.3981228 0.39317 0.3882171 0.3832643 0.3783114 0.3733586 0.3684057
0.6588651 0.6539123 0.6489594 0.6440066 0.6390537 0.6341009 0.6291481 0.6241952 0.6192424 0.6142895 0.6093367 0.6043838 0.599431 0.5944781 0.5895253 0.5845724 0.5796196 0.5746667 0.5697139 0.564761 0.5598082 0.5548554 0.5499025 0.5449497 0.5399968 0.535044 0.5300911 0.5251383 0.5201854 0.5152326 0.5102797 0.5053269 0.500374 0.4954212 0.4904683 0.4855155 0.4805627 0.4756098 0.470657 0.4657041 0.4607513 0.4557984 0.4508456 0.4458927 0.4409399 0.435987 0.4310342 0.4260813 0.4211285 0.4161756 0.4112228 0.40627 0.4013171 0.3963643 0.3914114 0.3864586 0.3815057 0.3765529 0.3716 0.3666472
