reference/gradient_landscape.asc
ncols         150
nrows         150
xllcorner     0
yllcorner     0
cellsize      1
NODATA_value  -9999
[rows 104 to 129 of 150, columns 0 to 59 of 150]
0.8171095 0.8121566 0.8072038 0.8022509 0.7972981 0.7923452 0.7873924 0.7824396 0.7774867 0.7725339 0.767581 0.7626282 0.7576753 0.7527225 0.7477696 0.7428168 0.7378639 0.7329111 0.7279582 0.7230054 0.7180525 0.7130997 0.7081469 0.703194 0.6982412 0.6932883 0.6883355 0.6833826 0.6784298 0.6734769 0.6685241 0.6635712 0.6586184 0.6536655 0.6487127 0.6437598 0.638807 0.6338542 0.6289013 0.6239485 0.6189956 0.6140428 0.6090899 0.6041371 0.5991842 0.5942314 0.5892785 0.5843257 0.5793728 0.57442 0.5694671 0.5645143 0.5595615 0.5546086 0.5496558 0.5447029 0.5397501 0.5347972 0.5298444 0.5248915
0.8153509 0.8103981 0.8054452 0.8004924 0.7955395 0.7905867 0.7856338 0.780681 0.7757281 0.7707753 0.7658224 0.7608696 0.7559168 0.7509639 0.7460111 0.7410582 0.7361054 0.7311525 0.7261997 0.7212468 0.716294 0.7113411 0.7063883 0.7014354 0.6964826 0.6915297 0.6865769 0.6816241 0.6766712 0.6717184 0.6667655 0.6618127 0.6568598 0.651907 0.6469541 0.6420013 0.6370484 0.6320956 0.6271427 0.6221899 0.617237 0.6122842 0.6073314 0.6023785 0.5974257 0.5924728 0.58752 0.5825671 0.5776143 0.5726614 0.5677086 0.5627557 0.5578029 0.55285 0.5478972 0.5429443 0.5379915 0.5330387 0.5280858 0.523133
0.8135924 0.8086395 0.8036867 0.7987338 0.793781 0.7888281 0.7838753 0.7789224 0.7739696 0.7690167 0.7640639 0.759111 0.7541582 0.7492053 0.7442525 0.7392997 0.7343468 0.729394 0.7244411 0.7194883 0.7145354 0.7095826 0.7046297 0.6996769 0.694724 0.6897712 0.6848183 0.6798655 0.6749126 0.6699598 0.665007 0.6600541 0.6551013 0.6501484 0.6451956 0.6402427 0.6352899 0.630337 0.6253842 0.6204313 0.6154785 0.6105256 0.6055728 0.6006199 0.5956671 0.5907143 0.5857614 0.5808086 0.5758557 0.5709029 0.56595 0.5609972 0.5560443 0.5510915 0.5461386 0.5411858 0.5362329 0.5312801 0.5263272 0.5213744
0.8118338 0.8068809 0.8019281 0.7969752 0.7920224 0.7870696 0.7821167 0.7771639 0.772211 0.7672582 0.7623053 0.7573525 0.7523996 0.7474468 0.7424939 0.7375411 0.7325882 0.7276354 0.7226825 0.7177297 0.7127769 0.707824 0.7028712 0.6979183 0.6929655 0.6880126 0.6830598 0.6781069 0.6731541 0.6682012 0.6632484 0.6582955 0.6533427 0.6483898 0.643437 0.6384842 0.6335313 0.6285785 0.6236256 0.6186728 0.6137199 0.6087671 0.6038142 0.5988614 0.5939085 0.5889557 0.5840028 0.57905 0.5740971 0.5691443 0.5641915 0.5592386 0.5542858 0.5493329 0.5443801 0.5394272 0.5344744 0.5295215 0.5245687 0.5196158
0.8100752 0.8051224 0.8001695 0.7952167 0.7902638 0.785311 0.7803581 0.7754053 0.7704525 0.7654996 0.7605468 0.7555939 0.7506411 0.7456882 0.7407354 0.7357825 0.7308297 0.7258768 0.720924 0.7159711 0.7110183 0.7060654 0.7011126 0.6961598 0.6912069 0.6862541 0.6813012 0.6763484 0.6713955 0.6664427 0.6614898 0.656537 0.6515841 0.6466313 0.6416784 0.6367256 0.6317727 0.6268199 0.6218671 0.6169142 0.6119614 0.6070085 0.6020557 0.5971028 0.59215 0.5871971 0.5822443 0.5772914 0.5723386 0.5673857 0.5624329 0.55748 0.5525272 0.5475744 0.5426215 0.5376687 0.5327158 0.527763 0.5228101 0.5178573
0.8083167 0.8033638 0.798411 0.7934581 0.7885053 0.7835524 0.7785996 0.7736467 0.7686939 0.763741 0.7587882 0.7538354 0.7488825 0.7439297 0.7389768 0.734024 0.7290711 0.7241183 0.7191654 0.7142126 0.7092597 0.7043069 0.699354 0.6944012 0.6894483 0.6844955 0.6795427 0.6745898 0.669637 0.6646841 0.6597313 0.6547784 0.6498256 0.6448727 0.6399199 0.634967 0.6300142 0.6250613 0.6201085 0.6151556 0.6102028 0.60525 0.6002971 0.5953443 0.5903914 0.5854386 0.5804857 0.5755329 0.57058 0.5656272 0.5606743 0.5557215 0.5507686 0.5458158 0.5408629 0.5359101 0.5309572 0.5260044 0.5210516 0.5160987
0.8065581 0.8016053 0.7966524 0.7916996 0.7867467 0.7817939 0.776841 0.7718882 0.7669353 0.7619825 0.7570296 0.7520768 0.7471239 0.7421711 0.7372182 0.7322654 0.7273126 0.7223597 0.7174069 0.712454 0.7075012 0.7025483 0.6975955 0.6926426 0.6876898 0.6827369 0.6777841 0.6728312 0.6678784 0.6629255 0.6579727 0.6530199 0.648067 0.6431142 0.6381613 0.6332085 0.6282556 0.6233028 0.6183499 0.6133971 0.6084442 0.6034914 0.5985385 0.5935857 0.5886328 0.58368 0.5787272 0.5737743 0.5688215 0.5638686 0.5589158 0.5539629 0.5490101 0.5440572 0.5391044 0.5341515 0.5291987 0.5242458 0.519293 0.5143401
0.8047995 0.7998467 0.7948938 0.789941 0.7849882 0.7800353 0.7750825 0.7701296 0.7651768 0.7602239 0.7552711 0.7503182 0.7453654 0.7404125 0.7354597 0.7305068 0.725554 0.7206011 0.7156483 0.7106955 0.7057426 0.7007898 0.6958369 0.6908841 0.6859312 0.6809784 0.6760255 0.6710727 0.6661198 0.661167 0.6562141 0.6512613 0.6463084 0.6413556 0.6364028 0.6314499 0.6264971 0.6215442 0.6165914 0.6116385 0.6066857 0.6017328 0.59678 0.5918271 0.5868743 0.5819214 0.5769686 0.5720157 0.5670629 0.5621101 0.5571572 0.5522044 0.5472515 0.5422987 0.5373458 0.532393 0.5274401 0.5224873 0.5175344 0.5125816
0.803041 0.7980881 0.7931353 0.7881824 0.7832296 0.7782767 0.7733239 0.768371 0.7634182 0.7584654 0.7535125 0.7485597 0.7436068 0.738654 0.7337011 0.7287483 0.7237954 0.7188426 0.7138897 0.7089369 0.703984 0.6990312 0.6940783 0.6891255 0.6841727 0.6792198 0.674267 0.6693141 0.6643613 0.6594084 0.6544556 0.6495027 0.6445499 0.639597 0.6346442 0.6296913 0.6247385 0.6197856 0.6148328 0.60988 0.6049271 0.5999743 0.5950214 0.5900686 0.5851157 0.5801629 0.57521 0.5702572 0.5653043 0.5603515 0.5553986 0.5504458 0.5454929 0.5405401 0.5355873 0.5306344 0.5256816 0.5207287 0.5157759 0.510823
0.8012824 0.7963296 0.7913767 0.7864239 0.781471 0.7765182 0.7715653 0.7666125 0.7616596 0.7567068 0.7517539 0.7468011 0.7418483 0.7368954 0.7319426 0.7269897 0.7220369 0.717084 0.7121312 0.7071783 0.7022255 0.6972726 0.6923198 0.6873669 0.6824141 0.6774612 0.6725084 0.6675556 0.6626027 0.6576499 0.652697 0.6477442 0.6427913 0.6378385 0.6328856 0.6279328 0.6229799 0.6180271 0.6130742 0.6081214 0.6031685 0.5982157 0.5932629 0.58831 0.5833572 0.5784043 0.5734515 0.5684986 0.5635458 0.5585929 0.5536401 0.5486872 0.5437344 0.5387815 0.5338287 0.5288758 0.523923 0.5189702 0.5140173 0.5090645
0.7995239 0.794571 0.7896182 0.7846653 0.7797125 0.7747596 0.7698068 0.7648539 0.7599011 0.7549482 0.7499954 0.7450425 0.7400897 0.7351368 0.730184 0.7252312 0.7202783 0.7153255 0.7103726 0.7054198 0.7004669 0.6955141 0.6905612 0.6856084 0.6806555 0.6757027 0.6707498 0.665797 0.6608441 0.6558913 0.6509384 0.6459856 0.6410328 0.6360799 0.6311271 0.6261742 0.6212214 0.6162685 0.6113157 0.6063628 0.60141 0.5964571 0.5915043 0.5865514 0.5815986 0.5766457 0.5716929 0.5667401 0.5617872 0.5568344 0.5518815 0.5469287 0.5419758 0.537023 0.5320701 0.5271173 0.5221644 0.5172116 0.5122587 0.5073059
0.7977653 0.7928124 0.7878596 0.7829067 0.7779539 0.7730011 0.7680482 0.7630954 0.7581425 0.7531897 0.7482368 0.743284 0.7383311 0.7333783 0.7284254 0.7234726 0.7185197 0.7135669 0.708614 0.7036612 0.6987084 0.6937555 0.6888027 0.6838498 0.678897 0.6739441 0.6689913 0.6640384 0.6590856 0.6541327 0.6491799 0.644227 0.6392742 0.6343213 0.6293685 0.6244157 0.6194628 0.61451 0.6095571 0.6046043 0.5996514 0.5946986 0.5897457 0.5847929 0.57984 0.5748872 0.5699343 0.5649815 0.5600286 0.5550758 0.550123 0.5451701 0.5402173 0.5352644 0.5303116 0.5253587 0.5204059 0.515453 0.5105002 0.5055473
0.7960067 0.7910539 0.786101 0.7811482 0.7761953 0.7712425 0.7662896 0.7613368 0.756384 0.7514311 0.7464783 0.7415254 0.7365726 0.7316197 0.7266669 0.721714 0.7167612 0.7118083 0.7068555 0.7019026 0.6969498 0.6919969 0.6870441 0.6820913 0.6771384 0.6721856 0.6672327 0.6622799 0.657327 0.6523742 0.6474213 0.6424685 0.6375156 0.6325628 0.6276099 0.6226571 0.6177042 0.6127514 0.6077986 0.6028457 0.5978929 0.59294 0.5879872 0.5830343 0.5780815 0.5731286 0.5681758 0.5632229 0.5582701 0.5533172 0.5483644 0.5434115 0.5384587 0.5335059 0.528553 0.5236002 0.5186473 0.5136945 0.5087416 0.5037888
0.7942482 0.7892953 0.7843425 0.7793896 0.7744368 0.7694839 0.7645311 0.7595782 0.7546254 0.7496725 0.7447197 0.7397668 0.734814 0.7298612 0.7249083 0.7199555 0.7150026 0.7100498 0.7050969 0.7001441 0.6951912 0.6902384 0.6852855 0.6803327 0.6753798 0.670427 0.6654741 0.6605213 0.6555685 0.6506156 0.6456628 0.6407099 0.6357571 0.6308042 0.6258514 0.6208985 0.6159457 0.6109928 0.60604 0.6010871 0.5961343 0.5911814 0.5862286 0.5812758 0.5763229 0.5713701 0.5664172 0.5614644 0.5565115 0.5515587 0.5466058 0.541653 0.5367001 0.5317473 0.5267944 0.5218416 0.5168887 0.5119359 0.5069831 0.5020302
0.7924896 0.7875368 0.7825839 0.7776311 0.7726782 0.7677254 0.7627725 0.7578197 0.7528668 0.747914 0.7429611 0.7380083 0.7330554 0.7281026 0.7231497 0.7181969 0.7132441 0.7082912 0.7033384 0.6983855 0.6934327 0.6884798 0.683527 0.6785741 0.6736213 0.6686684 0.6637156 0.6587627 0.6538099 0.648857 0.6439042 0.6389514 0.6339985 0.6290457 0.6240928 0.61914 0.6141871 0.6092343 0.6042814 0.5993286 0.5943757 0.5894229 0.58447 0.5795172 0.5745643 0.5696115 0.5646587 0.5597058 0.554753 0.5498001 0.5448473 0.5398944 0.5349416 0.5299887 0.5250359 0.520083 0.5151302 0.5101773 0.5052245 0.5002716
0.790731 0.7857782 0.7808253 0.7758725 0.7709196 0.7659668 0.761014 0.7560611 0.7511083 0.7461554 0.7412026 0.7362497 0.7312969 0.726344 0.7213912 0.7164383 0.7114855 0.7065326 0.7015798 0.6966269 0.6916741 0.6867213 0.6817684 0.6768156 0.6718627 0.6669099 0.661957 0.6570042 0.6520513 0.6470985 0.6421456 0.6371928 0.6322399 0.6272871 0.6223342 0.6173814 0.6124286 0.6074757 0.6025229 0.59757 0.5926172 0.5876643 0.5827115 0.5777586 0.5728058 0.5678529 0.5629001 0.5579472 0.5529944 0.5480415 0.5430887 0.5381359 0.533183 0.5282302 0.5232773 0.5183245 0.5133716 0.5084188 0.5034659 0.4985131
0.7889725 0.7840196 0.7790668 0.7741139 0.7691611 0.7642082 0.7592554 0.7543025 0.7493497 0.7443969 0.739444 0.7344912 0.7295383 0.7245855 0.7196326 0.7146798 0.7097269 0.7047741 0.6998212 0.6948684 0.6899155 0.6849627 0.6800098 0.675057 0.6701042 0.6651513 0.6601985 0.6552456 0.6502928 0.6453399 0.6403871 0.6354342 0.6304814 0.6255285 0.6205757 0.6156228 0.61067 0.6057171 0.6007643 0.5958115 0.5908586 0.5859058 0.5809529 0.5760001 0.5710472 0.5660944 0.5611415 0.5561887 0.5512358 0.546283 0.5413301 0.5363773 0.5314244 0.5264716 0.5215188 0.5165659 0.5116131 0.5066602 0.5017074 0.4967545
0.7872139 0.7822611 0.7773082 0.7723554 0.7674025 0.7624497 0.7574968 0.752544 0.7475911 0.7426383 0.7376854 0.7327326 0.7277798 0.7228269 0.7178741 0.7129212 0.7079684 0.7030155 0.6980627 0.6931098 0.688157 0.6832041 0.6782513 0.6732984 0.6683456 0.6633927 0.6584399 0.6534871 0.6485342 0.6435814 0.6386285 0.6336757 0.6287228 0.62377 0.6188171 0.6138643 0.6089114 0.6039586 0.5990057 0.5940529 0.5891 0.5841472 0.5791944 0.5742415 0.5692887 0.5643358 0.559383 0.5544301 0.5494773 0.5445244 0.5395716 0.5346187 0.5296659 0.524713 0.5197602 0.5148073 0.5098545 0.5049017 0.4999488 0.494996
0.7854553 0.7805025 0.7755497 0.7705968 0.765644 0.7606911 0.7557383 0.7507854 0.7458326 0.7408797 0.7359269 0.730974 0.7260212 0.7210683 0.7161155 0.7111626 0.7062098 0.701257 0.6963041 0.6913513 0.6863984 0.6814456 0.6764927 0.6715399 0.666587 0.6616342 0.6566813 0.6517285 0.6467756 0.6418228 0.6368699 0.6319171 0.6269643 0.6220114 0.6170586 0.6121057 0.6071529 0.6022 0.5972472 0.5922943 0.5873415 0.5823886 0.5774358 0.5724829 0.5675301 0.5625772 0.5576244 0.5526716 0.5477187 0.5427659 0.537813 0.5328602 0.5279073 0.5229545 0.5180016 0.5130488 0.5080959 0.5031431 0.4981902 0.4932374
0.7836968 0.7787439 0.7737911 0.7688382 0.7638854 0.7589326 0.7539797 0.7490269 0.744074 0.7391212 0.7341683 0.7292155 0.7242626 0.7193098 0.7143569 0.7094041 0.7044512 0.6994984 0.6945455 0.6895927 0.6846399 0.679687 0.6747342 0.6697813 0.6648285 0.6598756 0.6549228 0.6499699 0.6450171 0.6400642 0.6351114 0.6301585 0.6252057 0.6202528 0.6153 0.6103472 0.6053943 0.6004415 0.5954886 0.5905358 0.5855829 0.5806301 0.5756772 0.5707244 0.5657715 0.5608187 0.5558658 0.550913 0.5459601 0.5410073 0.5360545 0.5311016 0.5261488 0.5211959 0.5162431 0.5112902 0.5063374 0.5013845 0.4964317 0.4914788
0.7819382 0.7769854 0.7720325 0.7670797 0.7621268 0.757174 0.7522211 0.7472683 0.7423154 0.7373626 0.7324098 0.7274569 0.7225041 0.7175512 0.7125984 0.7076455 0.7026927 0.6977398 0.692787 0.6878341 0.6828813 0.6779284 0.6729756 0.6680227 0.6630699 0.6581171 0.6531642 0.6482114 0.6432585 0.6383057 0.6333528 0.6284 0.6234471 0.6184943 0.6135414 0.6085886 0.6036357 0.5986829 0.59373 0.5887772 0.5838244 0.5788715 0.5739187 0.5689658 0.564013 0.5590601 0.5541073 0.5491544 0.5442016 0.5392487 0.5342959 0.529343 0.5243902 0.5194373 0.5144845 0.5095317 0.5045788 0.499626 0.4946731 0.4897203
0.7801797 0.7752268 0.770274 0.7653211 0.7603683 0.7554154 0.7504626 0.7455097 0.7405569 0.735604 0.7306512 0.7256983 0.7207455 0.7157927 0.7108398 0.705887 0.7009341 0.6959813 0.6910284 0.6860756 0.6811227 0.6761699 0.671217 0.6662642 0.6613113 0.6563585 0.6514056 0.6464528 0.6415 0.6365471 0.6315943 0.6266414 0.6216886 0.6167357 0.6117829 0.60683 0.6018772 0.5969243 0.5919715 0.5870186 0.5820658 0.5771129 0.5721601 0.5672073 0.5622544 0.5573016 0.5523487 0.5473959 0.542443 0.5374902 0.5325373 0.5275845 0.5226316 0.5176788 0.5127259 0.5077731 0.5028202 0.4978674 0.4929146 0.4879617
0.7784211 0.7734683 0.7685154 0.7635626 0.7586097 0.7536569 0.748704 0.7437512 0.7387983 0.7338455 0.7288926 0.7239398 0.7189869 0.7140341 0.7090812 0.7041284 0.6991756 0.6942227 0.6892699 0.684317 0.6793642 0.6744113 0.6694585 0.6645056 0.6595528 0.6545999 0.6496471 0.6446942 0.6397414 0.6347885 0.6298357 0.6248829 0.61993 0.6149772 0.6100243 0.6050715 0.6001186 0.5951658 0.5902129 0.5852601 0.5803072 0.5753544 0.5704015 0.5654487 0.5604958 0.555543 0.5505902 0.5456373 0.5406845 0.5357316 0.5307788 0.5258259 0.5208731 0.5159202 0.5109674 0.5060145 0.5010617 0.4961088 0.491156 0.4862031
0.7766625 0.7717097 0.7667568 0.761804 0.7568511 0.7518983 0.7469455 0.7419926 0.7370398 0.7320869 0.7271341 0.7221812 0.7172284 0.7122755 0.7073227 0.7023698 0.697417 0.6924641 0.6875113 0.6825584 0.6776056 0.6726528 0.6676999 0.6627471 0.6577942 0.6528414 0.6478885 0.6429357 0.6379828 0.63303 0.6280771 0.6231243 0.6181714 0.6132186 0.6082657 0.6033129 0.5983601 0.5934072 0.5884544 0.5835015 0.5785487 0.5735958 0.568643 0.5636901 0.5587373 0.5537844 0.5488316 0.5438787 0.5389259 0.533973 0.5290202 0.5240674 0.5191145 0.5141617 0.5092088 0.504256 0.4993031 0.4943503 0.4893974 0.4844446
0.774904 0.7699511 0.7649983 0.7600454 0.7550926 0.7501397 0.7451869 0.740234 0.7352812 0.7303284 0.7253755 0.7204227 0.7154698 0.710517 0.7055641 0.7006113 0.6956584 0.6907056 0.6857527 0.6807999 0.675847 0.6708942 0.6659413 0.6609885 0.6560357 0.6510828 0.64613 0.6411771 0.6362243 0.6312714 0.6263186 0.6213657 0.6164129 0.61146 0.6065072 0.6015543 0.5966015 0.5916486 0.5866958 0.581743 0.5767901 0.5718373 0.5668844 0.5619316 0.5569787 0.5520259 0.547073 0.5421202 0.5371673 0.5322145 0.5272616 0.5223088 0.5173559 0.5124031 0.5074503 0.5024974 0.4975446 0.4925917 0.4876389 0.482686
0.7731454 0.7681926 0.7632397 0.7582869 0.753334 0.7483812 0.7434283 0.7384755 0.7335226 0.7285698 0.7236169 0.7186641 0.7137112 0.7087584 0.7038056 0.6988527 0.6938999 0.688947 0.6839942 0.6790413 0.6740885 0.6691356 0.6641828 0.6592299 0.6542771 0.6493242 0.6443714 0.6394185 0.6344657 0.6295129 0.62456 0.6196072 0.6146543 0.6097015 0.6047486 0.5997958 0.5948429 0.5898901 0.5849372 0.5799844 0.5750315 0.5700787 0.5651258 0.560173 0.5552202 0.5502673 0.5453145 0.5403616 0.5354088 0.5304559 0.5255031 0.5205502 0.5155974 0.5106445 0.5056917 0.5007388 0.495786 0.4908331 0.4858803 0.4809275
